1.273393   -1.104745E-01
        1.270088   -1.090811E-01
        1.266425   -1.075376E-01
        1.262380   -1.058324E-01
        1.257924   -1.039542E-01
        1.253033   -1.018876E-01
        1.247724   -9.953219E-02
        1.241912   -9.702086E-02
        1.235538   -9.445485E-02
        1.228616   -9.177712E-02
        1.221150   -8.896457E-02
        1.213135   -8.604755E-02
        1.204571   -8.306723E-02
        1.195472   -8.005244E-02
        1.185871   -7.704662E-02
        1.175804   -7.407776E-02
        1.165340   -7.114610E-02
        1.154533   -6.830575E-02
        1.143460   -6.557547E-02
        1.132209   -6.296426E-02
        1.120868   -6.048834E-02
        1.109525   -5.816614E-02
        1.098277   -5.599114E-02
        1.087210   -5.396334E-02
        1.076403   -5.209191E-02
        1.065933   -5.036100E-02
        1.055861   -4.876733E-02
        1.046240   -4.731019E-02
        1.037113   -4.596946E-02
        1.028507   -4.473864E-02
        1.020442   -4.360468E-02
        1.012923   -4.258190E-02
        1.005952   -4.163947E-02
    9.995188E-01   -4.077372E-02
    9.936075E-01   -3.998842E-02
    9.881976E-01   -3.927529E-02
    9.832653E-01   -3.862612E-02
    9.787833E-01   -3.803542E-02
    9.747232E-01   -3.749824E-02
    9.710554E-01   -3.700950E-02
    9.677498E-01   -3.656863E-02
    9.647765E-01   -3.617889E-02
    9.621068E-01   -3.583968E-02
    9.597144E-01   -3.554074E-02
    9.575750E-01   -3.527346E-02
    9.556643E-01   -3.503386E-02
    9.539602E-01   -3.481982E-02
    9.524435E-01   -3.462267E-02
    9.510958E-01   -3.443102E-02
    9.498966E-01   -3.425515E-02
    9.488385E-01   -3.405068E-02
    9.479136E-01   -3.380343E-02
    9.471037E-01   -3.355524E-02
    9.464064E-01   -3.329406E-02
    9.458246E-01   -3.297840E-02
    9.453375E-01   -3.263118E-02
    9.449276E-01   -3.227050E-02
    9.446073E-01   -3.192012E-02
    9.443691E-01   -3.159151E-02
    9.441875E-01   -3.128440E-02
    9.440242E-01   -3.095187E-02
    9.438668E-01   -3.056931E-02
    9.437186E-01   -3.014057E-02
    9.435969E-01   -2.968356E-02
    9.435130E-01   -2.918571E-02
    9.434801E-01   -2.862709E-02
    9.435087E-01   -2.800800E-02
    9.436079E-01   -2.736076E-02
    9.437980E-01   -2.668866E-02
    9.440843E-01   -2.598812E-02
    9.444554E-01   -2.525102E-02
    9.449388E-01   -2.448526E-02
    9.455310E-01   -2.370667E-02
    9.462142E-01   -2.292551E-02
    9.470331E-01   -2.214002E-02
    9.479682E-01   -2.135598E-02
    9.490342E-01   -2.058910E-02
    9.502523E-01   -1.984693E-02
    9.516004E-01   -1.912832E-02
    9.531094E-01   -1.845255E-02
    9.547587E-01   -1.779737E-02
    9.565703E-01   -1.718203E-02
    9.585384E-01   -1.659133E-02
    9.606791E-01   -1.604644E-02
    9.629951E-01   -1.554100E-02
    9.654965E-01   -1.508836E-02
    9.681882E-01   -1.467614E-02
    9.710785E-01   -1.430412E-02
    9.741742E-01   -1.396085E-02
    9.774851E-01   -1.365307E-02
    9.810190E-01   -1.337730E-02
    9.847855E-01   -1.313738E-02
    9.887918E-01   -1.293583E-02
    9.930463E-01   -1.278068E-02
    9.975560E-01   -1.269434E-02
        1.002326   -1.270015E-02
        1.007360   -1.281134E-02
        1.012659   -1.303282E-02
        1.018222   -1.338758E-02
        1.024049   -1.387176E-02
        1.030136   -1.448431E-02
        1.036476   -1.524949E-02
        1.043060   -1.616922E-02
        1.049877   -1.725057E-02
        1.056911   -1.852098E-02
        1.064148   -1.997013E-02
        1.071568   -2.159573E-02
        1.079153   -2.340092E-02
        1.086885   -2.536271E-02
        1.094741   -2.747372E-02
        1.102697   -2.972987E-02
        1.110725   -3.212643E-02
        1.118795   -3.466315E-02
        1.126877   -3.733918E-02
        1.134942   -4.014018E-02
        1.142960   -4.305886E-02
        1.150901   -4.609006E-02
        1.158739   -4.921097E-02
        1.166456   -5.239050E-02
        1.174025   -5.562151E-02
        1.181425   -5.888415E-02
        1.188640   -6.215837E-02
        1.195645   -6.544030E-02
        1.202428   -6.871004E-02
        1.208985   -7.194100E-02
        1.215295   -7.513099E-02
        1.221350   -7.827815E-02
        1.227134   -8.138465E-02
        1.232650   -8.443324E-02
        1.237896   -8.741099E-02
        1.242872   -9.031407E-02
        1.247592   -9.311900E-02
        1.252053   -9.583124E-02
        1.256180   -9.856313E-02
        1.260035   -1.012304E-01
        1.263677   -1.037512E-01
        1.267114   -1.061291E-01
        1.270351   -1.083687E-01
        1.273393   -1.104745E-01
