 1.000000    1.494277E-02
    9.890835E-01    1.657285E-02
    9.772437E-01    1.821649E-02
    9.643493E-01    1.917988E-02
    9.526795E-01    1.953210E-02
    9.428632E-01    1.944147E-02
    9.342002E-01    1.905715E-02
    9.262452E-01    1.844563E-02
    9.186485E-01    1.763614E-02
    9.111276E-01    1.663522E-02
    9.034036E-01    1.541891E-02
    8.951613E-01    1.392956E-02
    8.860273E-01    1.199762E-02
    8.754532E-01    9.332777E-03
    8.625527E-01    5.631745E-03
    8.457202E-01    2.918663E-04
    8.250030E-01   -6.630416E-03
    8.032055E-01   -1.386199E-02
    7.803196E-01   -2.124571E-02
    7.562906E-01   -2.840810E-02
    7.311667E-01   -3.520022E-02
    7.050425E-01   -4.155884E-02
    6.780237E-01   -4.740670E-02
    6.502920E-01   -5.296887E-02
    6.219929E-01   -5.827638E-02
    5.932566E-01   -6.322600E-02
    5.642325E-01   -6.777043E-02
    5.350670E-01   -7.179967E-02
    5.059035E-01   -7.513048E-02
    4.769035E-01   -7.767550E-02
    4.482392E-01   -7.948611E-02
    4.200733E-01   -8.068644E-02
    3.925499E-01   -8.138816E-02
    3.657953E-01   -8.167103E-02
    3.399167E-01   -8.160332E-02
    3.150049E-01   -8.122198E-02
    2.911358E-01   -8.052865E-02
    2.683639E-01   -7.961497E-02
    2.467317E-01   -7.847898E-02
    2.262651E-01   -7.714084E-02
    2.069737E-01   -7.565740E-02
    1.888557E-01   -7.404825E-02
    1.718975E-01   -7.232996E-02
    1.560785E-01   -7.051211E-02
    1.413642E-01   -6.864120E-02
    1.277138E-01   -6.674758E-02
    1.150907E-01   -6.480268E-02
    1.034441E-01   -6.284557E-02
    9.273168E-02   -6.084649E-02
    8.289919E-02   -5.883842E-02
    7.389852E-02   -5.681385E-02
    6.567809E-02   -5.478715E-02
    5.819098E-02   -5.275245E-02
    5.140123E-02   -5.067647E-02
    4.525360E-02   -4.859960E-02
    3.969373E-02   -4.655543E-02
    3.469608E-02   -4.450462E-02
    3.023043E-02   -4.243881E-02
    2.624240E-02   -4.039916E-02
    2.270687E-02   -3.837268E-02
    1.959781E-02   -3.636072E-02
    1.686958E-02   -3.439751E-02
    1.448536E-02   -3.248730E-02
    1.243492E-02   -3.062834E-02
    1.066920E-02   -2.883932E-02
    9.164336E-03   -2.713409E-02
    7.872004E-03   -2.552333E-02
    6.776264E-03   -2.401453E-02
    5.841217E-03   -2.260142E-02
    5.053942E-03   -2.129057E-02
    4.389001E-03   -2.007844E-02
    3.821460E-03   -1.895828E-02
    3.339584E-03   -1.793149E-02
    2.933059E-03   -1.699346E-02
    2.589659E-03   -1.613523E-02
    2.299176E-03   -1.534942E-02
    2.053096E-03   -1.463093E-02
    1.844111E-03   -1.397914E-02
    1.665941E-03   -1.338829E-02
    1.513502E-03   -1.285277E-02
    1.361465E-03   -1.228370E-02
    1.200926E-03   -1.164557E-02
    1.033757E-03   -1.092960E-02
    8.620141E-04   -1.012643E-02
    6.870911E-04   -9.225646E-03
    5.117796E-04   -8.215961E-03
    3.450535E-04   -7.083839E-03
    1.982805E-04   -5.815168E-03
    7.705308E-05   -4.394514E-03
   -8.950266E-06   -2.806079E-03
   -4.294989E-05   -1.032463E-03
   -1.101520E-05    9.456107E-04
    9.615486E-05    3.148192E-03
    3.129058E-04    5.595359E-03
    6.520439E-04    8.310100E-03
    1.148581E-03    1.131453E-02
    1.840017E-03    1.463071E-02
    2.771303E-03    1.827920E-02
    4.037316E-03    2.226594E-02
    5.759999E-03    2.657714E-02
    8.033172E-03    3.119666E-02
    1.098309E-02    3.607763E-02
    1.477851E-02    4.111988E-02
    1.960687E-02    4.615280E-02
    2.570975E-02    5.083963E-02
    3.314366E-02    5.493407E-02
    4.173582E-02    5.860228E-02
    5.141019E-02    6.202954E-02
    6.222215E-02    6.514498E-02
    7.419923E-02    6.799029E-02
    8.736816E-02    7.065430E-02
    1.017657E-01    7.322783E-02
    1.174505E-01    7.568856E-02
    1.344646E-01    7.808837E-02
    1.528565E-01    8.038185E-02
    1.726567E-01    8.257949E-02
    1.938884E-01    8.464053E-02
    2.165561E-01    8.655240E-02
    2.406463E-01    8.829530E-02
    2.661264E-01    8.984053E-02
    2.929411E-01    9.115937E-02
    3.210114E-01    9.223486E-02
    3.502357E-01    9.302679E-02
    3.804876E-01    9.350574E-02
    4.116189E-01    9.366567E-02
    4.434609E-01    9.346852E-02
    4.758282E-01    9.290183E-02
    5.085221E-01    9.195519E-02
    5.413325E-01    9.056596E-02
    5.740483E-01    8.873536E-02
    6.064566E-01    8.644214E-02
    6.383487E-01    8.364213E-02
    6.695254E-01    8.030787E-02
    6.998045E-01    7.644492E-02
    7.290323E-01    7.213821E-02
    7.570868E-01    6.751481E-02
    7.838694E-01    6.268139E-02
    8.093137E-01    5.776541E-02
    8.333760E-01    5.287363E-02
    8.560349E-01    4.810045E-02
    8.772870E-01    4.351589E-02
    8.971339E-01    3.912094E-02
    9.156092E-01    3.498605E-02
    9.327445E-01    3.110611E-02
    9.485875E-01    2.749631E-02
    9.631886E-01    2.414229E-02
    9.766068E-01    2.103514E-02
    9.888897E-01    1.810574E-02
        1.000000    1.494277E-02
