    1.000000      0.1260008E-02
   0.9916770      0.2421812E-02
   0.9803640      0.3982081E-02
   0.9672594      0.5762780E-02
   0.9527093      0.7707242E-02
   0.9371905      0.9744307E-02
   0.9211097      0.1181608E-01
   0.9047306      0.1388650E-01
   0.8881990      0.1593656E-01
   0.8715891      0.1795703E-01
   0.8549374      0.1994384E-01
   0.8382621      0.2189532E-01
   0.8215724      0.2381075E-01
   0.8048730      0.2568986E-01
   0.7881669      0.2753252E-01
   0.7714559      0.2933864E-01
   0.7547418      0.3110790E-01
   0.7380259      0.3284000E-01
   0.7213096      0.3453447E-01
   0.7045939      0.3619066E-01
   0.6878805      0.3780784E-01
   0.6711703      0.3938509E-01
   0.6544647      0.4092137E-01
   0.6377652      0.4241548E-01
   0.6210728      0.4386604E-01
   0.6043891      0.4527151E-01
   0.5877156      0.4663020E-01
   0.5710536      0.4794029E-01
   0.5544049      0.4919966E-01
   0.5377707      0.5040614E-01
   0.5211531      0.5155734E-01
   0.5045536      0.5265061E-01
   0.4879743      0.5368319E-01
   0.4714169      0.5465206E-01
   0.4548839      0.5555399E-01
   0.4383775      0.5638553E-01
   0.4219001      0.5714298E-01
   0.4054547      0.5782242E-01
   0.3890441      0.5841962E-01
   0.3726718      0.5893008E-01
   0.3563414      0.5934901E-01
   0.3400572      0.5967129E-01
   0.3238239      0.5989144E-01
   0.3076471      0.6000361E-01
   0.2915328      0.6000154E-01
   0.2754885      0.5987852E-01
   0.2595229      0.5962739E-01
   0.2436461      0.5924048E-01
   0.2278710      0.5870958E-01
   0.2122131      0.5802597E-01
   0.1966924      0.5718046E-01
   0.1813346      0.5616360E-01
   0.1661743      0.5496595E-01
   0.1512584      0.5357885E-01
   0.1366519      0.5199581E-01
   0.1224445      0.5021467E-01
   0.1087567      0.4824118E-01
   0.9574142E-01  0.4609306E-01
   0.8357231E-01  0.4380338E-01
   0.7241546E-01  0.4141990E-01
   0.6238885E-01  0.3899816E-01
   0.5353202E-01  0.3659033E-01
   0.4580243E-01  0.3423553E-01
   0.3909890E-01  0.3195609E-01
   0.3329313E-01  0.2975957E-01
   0.2825492E-01  0.2764323E-01
   0.2386633E-01  0.2559823E-01
   0.2002773E-01  0.2361293E-01
   0.1665767E-01  0.2167451E-01
   0.1369185E-01  0.1977035E-01
   0.1108034E-01  0.1788826E-01
   0.8785790E-02  0.1601715E-01
   0.6781104E-02  0.1414709E-01
   0.5048409E-02  0.1227023E-01
   0.3577136E-02  0.1038129E-01
   0.2362680E-02  0.8479137E-02
   0.1403619E-02  0.6567456E-02
   0.6990664E-03  0.4656980E-02
   0.2435076E-03  0.2761189E-02
   0.2600715E-04  0.9056917E-03
   0.2600030E-04 -0.9055726E-03
   0.2434659E-03 -0.2760954E-02
   0.6990317E-03 -0.4656866E-02
   0.1403571E-02 -0.6567347E-02
   0.2362621E-02 -0.8479033E-02
   0.3577067E-02 -0.1038120E-01
   0.5048332E-02 -0.1227014E-01
   0.6781018E-02 -0.1414700E-01
   0.8785618E-02 -0.1601700E-01
   0.1108030E-01 -0.1788822E-01
   0.1369175E-01 -0.1977028E-01
   0.1665755E-01 -0.2167443E-01
   0.2002751E-01 -0.2361280E-01
   0.2386616E-01 -0.2559814E-01
   0.2825470E-01 -0.2764313E-01
   0.3329296E-01 -0.2975951E-01
   0.3909868E-01 -0.3195601E-01
   0.4580220E-01 -0.3423546E-01
   0.5353168E-01 -0.3659024E-01
   0.6238855E-01 -0.3899808E-01
   0.7241509E-01 -0.4141982E-01
   0.8357184E-01 -0.4380328E-01
   0.9574107E-01 -0.4609300E-01
   0.1087563     -0.4824111E-01
   0.1224443     -0.5021464E-01
   0.1366518     -0.5199579E-01
   0.1512582     -0.5357883E-01
   0.1661740     -0.5496593E-01
   0.1813344     -0.5616358E-01
   0.1966921     -0.5718045E-01
   0.2122129     -0.5802596E-01
   0.2278706     -0.5870956E-01
   0.2436458     -0.5924047E-01
   0.2595224     -0.5962738E-01
   0.2754882     -0.5987852E-01
   0.2915324     -0.6000153E-01
   0.3076468     -0.6000361E-01
   0.3238236     -0.5989144E-01
   0.3400569     -0.5967130E-01
   0.3563412     -0.5934902E-01
   0.3726716     -0.5893008E-01
   0.3890440     -0.5841962E-01
   0.4054546     -0.5782242E-01
   0.4218999     -0.5714299E-01
   0.4383774     -0.5638554E-01
   0.4548839     -0.5555399E-01
   0.4714168     -0.5465207E-01
   0.4879741     -0.5368320E-01
   0.5045534     -0.5265062E-01
   0.5211529     -0.5155735E-01
   0.5377705     -0.5040616E-01
   0.5544046     -0.4919968E-01
   0.5710533     -0.4794031E-01
   0.5877151     -0.4663024E-01
   0.6043886     -0.4527155E-01
   0.6210723     -0.4386608E-01
   0.6377645     -0.4241554E-01
   0.6544642     -0.4092142E-01
   0.6711698     -0.3938514E-01
   0.6878799     -0.3780789E-01
   0.7045933     -0.3619072E-01
   0.7213090     -0.3453452E-01
   0.7380254     -0.3284006E-01
   0.7547413     -0.3110795E-01
   0.7714555     -0.2933869E-01
   0.7881665     -0.2753255E-01
   0.8048729     -0.2568988E-01
   0.8215724     -0.2381075E-01
   0.8382623     -0.2189532E-01
   0.8549376     -0.1994382E-01
   0.8715893     -0.1795700E-01
   0.8881993     -0.1593652E-01
   0.9047309     -0.1388647E-01
   0.9211101     -0.1181602E-01
   0.9371909     -0.9744246E-02
   0.9527097     -0.7707188E-02
   0.9672597     -0.5762731E-02
   0.9803643     -0.3982036E-02
   0.9916771     -0.2421804E-02
    1.000000     -0.1260008E-02
