    1.000000      0.1575010E-02
   0.9911686      0.4284373E-02
   0.9796693      0.7761302E-02
   0.9667436      0.1160166E-01
   0.9525069      0.1574934E-01
   0.9371817      0.2011912E-01
   0.9210342      0.2461805E-01
   0.9043109      0.2916497E-01
   0.8872041      0.3369914E-01
   0.8698483      0.3817956E-01
   0.8523309      0.4258055E-01
   0.8347070      0.4688643E-01
   0.8170106      0.5108773E-01
   0.7992629      0.5517866E-01
   0.7814776      0.5915548E-01
   0.7636641      0.6301549E-01
   0.7458288      0.6675655E-01
   0.7279770      0.7037684E-01
   0.7101131      0.7387452E-01
   0.6922407      0.7724777E-01
   0.6743636      0.8049456E-01
   0.6564854      0.8361278E-01
   0.6386096      0.8660010E-01
   0.6207404      0.8945408E-01
   0.6028810      0.9217198E-01
   0.5850360      0.9475095E-01
   0.5672095      0.9718788E-01
   0.5494064      0.9947941E-01
   0.5316321      0.1016221    
   0.5138929      0.1036120    
   0.4961968      0.1054452    
   0.4785542      0.1071172    
   0.4609796      0.1086234    
   0.4434938      0.1099590    
   0.4261277      0.1111190    
   0.4089268      0.1120982    
   0.3919688      0.1128827    
   0.3752503      0.1134163    
   0.3587047      0.1136914    
   0.3423002      0.1137087    
   0.3260223      0.1134666    
   0.3098673      0.1129625    
   0.2938384      0.1121938    
   0.2779438      0.1111575    
   0.2621957      0.1098510    
   0.2466099      0.1082723    
   0.2312064      0.1064204    
   0.2160102      0.1042954    
   0.2010518      0.1018995    
   0.1863691      0.9923768E-01
   0.1720085      0.9631862E-01
   0.1580259      0.9315632E-01
   0.1444877      0.8977131E-01
   0.1314694      0.8619199E-01
   0.1190520      0.8245520E-01
   0.1073158      0.7860545E-01
   0.9633185E-01  0.7469249E-01
   0.8615223E-01  0.7076732E-01
   0.7680355E-01  0.6687745E-01
   0.6828413E-01  0.6306270E-01
   0.6056669E-01  0.5935271E-01
   0.5360401E-01  0.5576630E-01
   0.4733691E-01  0.5231270E-01
   0.4170095E-01  0.4899341E-01
   0.3663183E-01  0.4580443E-01
   0.3206909E-01  0.4273824E-01
   0.2795777E-01  0.3978518E-01
   0.2424944E-01  0.3693473E-01
   0.2090210E-01  0.3417604E-01
   0.1788012E-01  0.3149868E-01
   0.1515354E-01  0.2889271E-01
   0.1269720E-01  0.2634861E-01
   0.1049103E-01  0.2385816E-01
   0.8518800E-02  0.2141390E-01
   0.6767876E-02  0.1900939E-01
   0.5228864E-02  0.1663947E-01
   0.3895088E-02  0.1430046E-01
   0.2762099E-02  0.1199033E-01
   0.1826945E-02  0.9708772E-02
   0.1087656E-02  0.7457865E-02
   0.5423279E-03  0.5242708E-02
   0.1871557E-03  0.3065998E-02
   0.1798588E-04  0.9455216E-03
   0.2613671E-04 -0.1130350E-02
   0.2196839E-03 -0.3235531E-02
   0.6210606E-03 -0.5366344E-02
   0.1247299E-02 -0.7496882E-02
   0.2111128E-02 -0.9609466E-02
   0.3217841E-02 -0.1168368E-01
   0.4567501E-02 -0.1370371E-01
   0.6156129E-02 -0.1565785E-01
   0.7978532E-02 -0.1753948E-01
   0.1003064E-01 -0.1934640E-01
   0.1231104E-01 -0.2107966E-01
   0.1482220E-01 -0.2274244E-01
   0.1757117E-01 -0.2433920E-01
   0.2056987E-01 -0.2587473E-01
   0.2383555E-01 -0.2735380E-01
   0.2739150E-01 -0.2878083E-01
   0.3126706E-01 -0.3015940E-01
   0.3549927E-01 -0.3149238E-01
   0.4013313E-01 -0.3278136E-01
   0.4522308E-01 -0.3402663E-01
   0.5083432E-01 -0.3522674E-01
   0.5704338E-01 -0.3637807E-01
   0.6393844E-01 -0.3747432E-01
   0.7161783E-01 -0.3850579E-01
   0.8018602E-01 -0.3945911E-01
   0.8974571E-01 -0.4031679E-01
   0.1003844     -0.4105794E-01
   0.1121584     -0.4165979E-01
   0.1250779     -0.4210086E-01
   0.1390992     -0.4236446E-01
   0.1541298     -0.4244188E-01
   0.1700442     -0.4233379E-01
   0.1867063     -0.4204949E-01
   0.2039860     -0.4160483E-01
   0.2217706     -0.4101960E-01
   0.2399677     -0.4031530E-01
   0.2585025     -0.3951382E-01
   0.2773142     -0.3863655E-01
   0.2963491     -0.3770405E-01
   0.3155532     -0.3673609E-01
   0.3348618     -0.3575207E-01
   0.3541954     -0.3477085E-01
   0.3735000     -0.3380857E-01
   0.3927588     -0.3287820E-01
   0.4119752     -0.3196929E-01
   0.4311725     -0.3101535E-01
   0.4503965     -0.3001599E-01
   0.4696668     -0.2897765E-01
   0.4889908     -0.2790698E-01
   0.5083698     -0.2681043E-01
   0.5278005     -0.2569415E-01
   0.5472762     -0.2456400E-01
   0.5667856     -0.2342577E-01
   0.5863109     -0.2228501E-01
   0.6058313     -0.2114716E-01
   0.6253349     -0.2001654E-01
   0.6448175     -0.1889660E-01
   0.6642787     -0.1779015E-01
   0.6837201     -0.1669946E-01
   0.7031438     -0.1562635E-01
   0.7225526     -0.1457224E-01
   0.7419488     -0.1353822E-01
   0.7613341     -0.1252510E-01
   0.7807083     -0.1153335E-01
   0.8000686     -0.1056337E-01
   0.8194072     -0.9615340E-02
   0.8387076     -0.8689535E-02
   0.8579371     -0.7786673E-02
   0.8770370     -0.6908197E-02
   0.8959053     -0.6056942E-02
   0.9143747     -0.5238202E-02
   0.9321957     -0.4460265E-02
   0.9490412     -0.3734195E-02
   0.9645628     -0.3071710E-02
   0.9784911     -0.2481445E-02
   0.9907183     -0.1965612E-02
    1.000000     -0.1575010E-02
