    1.000000       0.000000    
   0.9940667      0.5034879E-02
   0.9876659      0.1088693E-01
   0.9812244      0.1611369E-01
   0.9743106      0.2067143E-01
   0.9666147      0.2485893E-01
   0.9579574      0.2892365E-01
   0.9482431      0.3303335E-01
   0.9374161      0.3722034E-01
   0.9254096      0.4149708E-01
   0.9122184      0.4585513E-01
   0.8979131      0.5026079E-01
   0.8826023      0.5467916E-01
   0.8664430      0.5907074E-01
   0.8496017      0.6339403E-01
   0.8322078      0.6762327E-01
   0.8143684      0.7174306E-01
   0.7961690      0.7574490E-01
   0.7776761      0.7962600E-01
   0.7589625      0.8338211E-01
   0.7400876      0.8700567E-01
   0.7210553      0.9049936E-01
   0.7018722      0.9387229E-01
   0.6825898      0.9712246E-01
   0.6632246      0.1002464    
   0.6437469      0.1032537    
   0.6241614      0.1061535    
   0.6045052      0.1089447    
   0.5847937      0.1116264    
   0.5650181      0.1142031    
   0.5451634      0.1166815    
   0.5252485      0.1190681    
   0.5053571      0.1213584    
   0.4855627      0.1235358    
   0.4658857      0.1255889    
   0.4463721      0.1275063    
   0.4271140      0.1292659    
   0.4081596      0.1308407    
   0.3895150      0.1322102    
   0.3712324      0.1333530    
   0.3533646      0.1342437    
   0.3358317      0.1348628    
   0.3185725      0.1352165    
   0.3018082      0.1353147    
   0.2857757      0.1351096    
   0.2704093      0.1345477    
   0.2555107      0.1336038    
   0.2408952      0.1322566    
   0.2264538      0.1305119    
   0.2122136      0.1283907    
   0.1982181      0.1258931    
   0.1844067      0.1230009    
   0.1707348      0.1197241    
   0.1572792      0.1160992    
   0.1441352      0.1121546    
   0.1313566      0.1079143    
   0.1190295      0.1034230    
   0.1072641      0.9872994E-01
   0.9611794E-01  0.9386647E-01
   0.8562431E-01  0.8887647E-01
   0.7584035E-01  0.8382658E-01
   0.6681849E-01  0.7877896E-01
   0.5857716E-01  0.7378615E-01
   0.5110448E-01  0.6888708E-01
   0.4436382E-01  0.6411215E-01
   0.3831693E-01  0.5949563E-01
   0.3292679E-01  0.5506290E-01
   0.2815368E-01  0.5080477E-01
   0.2393936E-01  0.4670027E-01
   0.2022551E-01  0.4273177E-01
   0.1695810E-01  0.3888372E-01
   0.1408521E-01  0.3514570E-01
   0.1156005E-01  0.3152196E-01
   0.9345302E-02  0.2802088E-01
   0.7414772E-02  0.2464706E-01
   0.5747680E-02  0.2139595E-01
   0.4321733E-02  0.1825773E-01
   0.3117731E-02  0.1522281E-01
   0.2121429E-02  0.1228842E-01
   0.1319755E-02  0.9456954E-02
   0.7058497E-03  0.6735291E-02
   0.2796528E-03  0.4123787E-02
   0.3936791E-04  0.1608953E-02
  -0.1518779E-04 -0.8335521E-03
   0.1173559E-03 -0.3233845E-02
   0.4395521E-03 -0.5607465E-02
   0.9754603E-03 -0.7923341E-02
   0.1840685E-02 -0.1002759E-01
   0.3180850E-02 -0.1177132E-01
   0.5048327E-02 -0.1310386E-01
   0.7321059E-02 -0.1408625E-01
   0.9840435E-02 -0.1476790E-01
   0.1256526E-01 -0.1519196E-01
   0.1553415E-01 -0.1542239E-01
   0.1878637E-01 -0.1556801E-01
   0.2235461E-01 -0.1570044E-01
   0.2627257E-01 -0.1580225E-01
   0.3058631E-01 -0.1583955E-01
   0.3537965E-01 -0.1577310E-01
   0.4078776E-01 -0.1558789E-01
   0.4698654E-01 -0.1528117E-01
   0.5416020E-01 -0.1485567E-01
   0.6246778E-01 -0.1428035E-01
   0.7207073E-01 -0.1350789E-01
   0.8317934E-01 -0.1248638E-01
   0.9592567E-01 -0.1117727E-01
   0.1101910     -0.9563477E-02
   0.1255478     -0.7657527E-02
   0.1415396     -0.5432131E-02
   0.1581261     -0.2809078E-02
   0.1755807      0.2423824E-03
   0.1941502      0.3705751E-02
   0.2137492      0.7443147E-02
   0.2337926      0.1125712E-01
   0.2538365      0.1503776E-01
   0.2737710      0.1873768E-01
   0.2935688      0.2232558E-01
   0.3132287      0.2578397E-01
   0.3327697      0.2910297E-01
   0.3522161      0.3227788E-01
   0.3715800      0.3530376E-01
   0.3908655      0.3817464E-01
   0.4100845      0.4088584E-01
   0.4292563      0.4343495E-01
   0.4483885      0.4582036E-01
   0.4674684      0.4803773E-01
   0.4864799      0.5007955E-01
   0.5054269      0.5193958E-01
   0.5243296      0.5361531E-01
   0.5431992      0.5510607E-01
   0.5620300      0.5640962E-01
   0.5808064      0.5752129E-01
   0.5995160      0.5843638E-01
   0.6181504      0.5915028E-01
   0.6367039      0.5965784E-01
   0.6551724      0.5995419E-01
   0.6735520      0.6003490E-01
   0.6918352      0.5989597E-01
   0.7100111      0.5953326E-01
   0.7280606      0.5894212E-01
   0.7459566      0.5811894E-01
   0.7636696      0.5705813E-01
   0.7811797      0.5575322E-01
   0.7984745      0.5419888E-01
   0.8155234      0.5239323E-01
   0.8322717      0.5033872E-01
   0.8486513      0.4803622E-01
   0.8645961      0.4549010E-01
   0.8800366      0.4270823E-01
   0.8948882      0.3970715E-01
   0.9090554      0.3650880E-01
   0.9224293      0.3314306E-01
   0.9349166      0.2963710E-01
   0.9464811      0.2598956E-01
   0.9571518      0.2218891E-01
   0.9670124      0.1818417E-01
   0.9761978      0.1391219E-01
   0.9848579      0.9316607E-02
   0.9931397      0.4395623E-02
    1.000000       0.000000    
