    1.000000       0.000000    
   0.9927607      0.9617883E-03
   0.9823326      0.2543071E-02
   0.9698803      0.4632764E-02
   0.9560909      0.7075925E-02
   0.9416802      0.9722883E-02
   0.9269001      0.1249682E-01
   0.9119332      0.1532469E-01
   0.8969775      0.1813970E-01
   0.8820925      0.2090773E-01
   0.8672490      0.2362135E-01
   0.8524336      0.2627427E-01
   0.8376538      0.2885662E-01
   0.8229089      0.3136007E-01
   0.8081840      0.3378016E-01
   0.7934575      0.3611875E-01
   0.7787097      0.3837856E-01
   0.7639229      0.4056364E-01
   0.7490893      0.4268097E-01
   0.7342135      0.4473623E-01
   0.7193111      0.4673163E-01
   0.7043955      0.4866622E-01
   0.6894728      0.5053984E-01
   0.6745415      0.5235329E-01
   0.6595992      0.5410746E-01
   0.6446462      0.5580294E-01
   0.6296851      0.5743974E-01
   0.6147199      0.5901688E-01
   0.5997543      0.6053328E-01
   0.5847920      0.6198777E-01
   0.5698355      0.6337833E-01
   0.5548863      0.6470266E-01
   0.5399442      0.6595863E-01
   0.5250080      0.6714443E-01
   0.5100768      0.6825843E-01
   0.4951504      0.6929898E-01
   0.4802296      0.7026421E-01
   0.4653163      0.7115174E-01
   0.4504141      0.7195910E-01
   0.4355281      0.7268364E-01
   0.4206632      0.7332148E-01
   0.4058212      0.7386839E-01
   0.3910004      0.7432032E-01
   0.3761978      0.7467373E-01
   0.3614129      0.7492545E-01
   0.3466497      0.7507227E-01
   0.3319156      0.7511017E-01
   0.3172170      0.7503369E-01
   0.3025574      0.7483741E-01
   0.2879384      0.7451575E-01
   0.2733628      0.7406257E-01
   0.2588378      0.7347199E-01
   0.2443740      0.7273762E-01
   0.2299820      0.7185087E-01
   0.2156689      0.7080312E-01
   0.2014405      0.6958514E-01
   0.1873085      0.6818704E-01
   0.1732930      0.6660033E-01
   0.1594204      0.6481384E-01
   0.1457161      0.6281450E-01
   0.1322043      0.6058918E-01
   0.1189256      0.5812238E-01
   0.1059439      0.5540610E-01
   0.9332861E-01  0.5243072E-01
   0.8111612E-01  0.4918061E-01
   0.6936318E-01  0.4564466E-01
   0.5829816E-01  0.4187412E-01
   0.4819418E-01  0.3796953E-01
   0.3908313E-01  0.3396438E-01
   0.3093707E-01  0.2988841E-01
   0.2413678E-01  0.2603000E-01
   0.1882679E-01  0.2263501E-01
   0.1465743E-01  0.1960242E-01
   0.1125170E-01  0.1676903E-01
   0.8392747E-02  0.1405644E-01
   0.6030539E-02  0.1153733E-01
   0.4131621E-02  0.9300451E-02
   0.2637729E-02  0.7344835E-02
   0.1527790E-02  0.5581706E-02
   0.7555173E-03  0.3921004E-02
   0.2870519E-03  0.2295540E-02
   0.1102588E-03  0.6560733E-03
   0.2167381E-03 -0.9823046E-03
   0.6145060E-03 -0.2568989E-02
   0.1341255E-02 -0.4040826E-02
   0.2455740E-02 -0.5340768E-02
   0.3999404E-02 -0.6494636E-02
   0.6032138E-02 -0.7553456E-02
   0.8612691E-02 -0.8602910E-02
   0.1176215E-01 -0.9746375E-02
   0.1557670E-01 -0.1097043E-01
   0.2009431E-01 -0.1219977E-01
   0.2545983E-01 -0.1338976E-01
   0.3213893E-01 -0.1456620E-01
   0.4087491E-01 -0.1578142E-01
   0.5190574E-01 -0.1699967E-01
   0.6411825E-01 -0.1802403E-01
   0.7699768E-01 -0.1881989E-01
   0.9069654E-01 -0.1942619E-01
   0.1049906     -0.1986673E-01
   0.1195061     -0.2015098E-01
   0.1341148     -0.2030265E-01
   0.1488538     -0.2034225E-01
   0.1637293     -0.2028730E-01
   0.1787019     -0.2015230E-01
   0.1937329     -0.1994762E-01
   0.2088065     -0.1968359E-01
   0.2239223     -0.1936825E-01
   0.2390788     -0.1900834E-01
   0.2542705     -0.1861063E-01
   0.2694899     -0.1818028E-01
   0.2847315     -0.1772155E-01
   0.2999929     -0.1723863E-01
   0.3152733     -0.1673497E-01
   0.3305708     -0.1621358E-01
   0.3458812     -0.1567754E-01
   0.3611992     -0.1512915E-01
   0.3765209     -0.1456935E-01
   0.3918460     -0.1399885E-01
   0.4071771     -0.1341843E-01
   0.4225180     -0.1282955E-01
   0.4378696     -0.1223406E-01
   0.4532309     -0.1163384E-01
   0.4685986     -0.1103026E-01
   0.4839694     -0.1042395E-01
   0.4993412     -0.9815459E-02
   0.5147122     -0.9205435E-02
   0.5300816     -0.8594990E-02
   0.5454490     -0.7985416E-02
   0.5608144     -0.7377964E-02
   0.5761778     -0.6773622E-02
   0.5915390     -0.6173002E-02
   0.6068961     -0.5576736E-02
   0.6222468     -0.4985613E-02
   0.6375885     -0.4401211E-02
   0.6529198     -0.3825369E-02
   0.6682412     -0.3259841E-02
   0.6835535     -0.2706383E-02
   0.6988568     -0.2166784E-02
   0.7141486     -0.1642913E-02
   0.7294249     -0.1137087E-02
   0.7446818     -0.6529251E-03
   0.7599171     -0.1942085E-03
   0.7751309      0.2354357E-03
   0.7903245      0.6327570E-03
   0.8055010      0.9946654E-03
   0.8206648      0.1318149E-02
   0.8358161      0.1600445E-02
   0.8509467      0.1838797E-02
   0.8660395      0.2028952E-02
   0.8810797      0.2162275E-02
   0.8960645      0.2229785E-02
   0.9109971      0.2224750E-02
   0.9258766      0.2142198E-02
   0.9406679      0.1976360E-02
   0.9551947      0.1722685E-02
   0.9691083      0.1371025E-02
   0.9818959      0.9218784E-03
   0.9926684      0.4349948E-03
    1.000000       0.000000    
